instance=../instances/mapf/sample.txt
agents=50
map_file=random-32-32-20.map
solver=PIBT
solved=1
soc=1348
lb_soc=1248
makespan=50
lb_makespan=48
comp_time=16
preprocessing_comp_time=0
starts=(8,31),(22,12),(30,10),(26,4),(10,25),(25,21),(30,26),(15,23),(20,20),(12,27),(16,29),(26,30),(26,5),(0,27),(26,25),(18,28),(7,24),(3,24),(16,7),(26,20),(17,17),(14,26),(8,14),(9,9),(5,28),(19,15),(11,4),(10,8),(28,8),(13,30),(8,11),(24,18),(29,9),(24,20),(22,30),(28,22),(30,30),(28,23),(11,10),(6,15),(24,30),(5,0),(21,17),(20,6),(7,26),(23,6),(23,23),(21,23),(28,13),(9,27),
goals=(29,13),(7,25),(12,23),(31,2),(3,5),(6,4),(29,6),(4,23),(28,28),(18,4),(6,2),(24,20),(1,6),(24,14),(4,17),(2,11),(8,21),(28,1),(15,21),(17,11),(5,5),(9,13),(24,27),(29,9),(20,22),(12,27),(14,19),(1,22),(16,16),(19,23),(0,11),(17,21),(31,7),(7,8),(3,16),(15,11),(8,9),(14,9),(28,20),(21,8),(5,22),(1,27),(25,2),(20,20),(26,0),(13,21),(10,3),(13,31),(0,7),(2,24),
solution=
0:(8,31),(22,12),(30,10),(26,4),(10,25),(25,21),(30,26),(15,23),(20,20),(12,27),(16,29),(26,30),(26,5),(0,27),(26,25),(18,28),(7,24),(3,24),(16,7),(26,20),(17,17),(14,26),(8,14),(9,9),(5,28),(19,15),(11,4),(10,8),(28,8),(13,30),(8,11),(24,18),(29,9),(24,20),(22,30),(28,22),(30,30),(28,23),(11,10),(6,15),(24,30),(5,0),(21,17),(20,6),(7,26),(23,6),(23,23),(21,23),(28,13),(9,27),
1:(8,30),(21,12),(29,10),(26,3),(9,25),(25,22),(29,26),(14,23),(20,21),(12,26),(16,28),(26,29),(25,5),(0,26),(26,26),(17,28),(8,24),(4,24),(15,7),(27,20),(16,17),(13,26),(9,14),(10,9),(6,28),(19,16),(12,4),(9,8),(29,8),(13,29),(7,11),(24,19),(30,9),(24,21),(21,30),(27,22),(29,30),(28,22),(11,11),(6,14),(23,30),(4,0),(22,17),(20,7),(7,25),(22,6),(23,22),(20,23),(28,12),(9,26),
2:(8,29),(20,12),(29,11),(26,2),(9,24),(25,22),(29,25),(14,24),(20,22),(12,25),(16,27),(26,28),(25,4),(0,25),(26,27),(17,27),(8,23),(4,23),(15,8),(27,19),(16,16),(13,25),(9,15),(11,9),(7,28),(18,16),(13,4),(9,9),(29,9),(14,29),(6,11),(24,20),(31,9),(24,22),(20,30),(26,22),(29,29),(27,22),(11,12),(6,13),(22,30),(3,0),(22,16),(20,8),(8,25),(21,6),(22,22),(19,23),(27,12),(9,25),
3:(9,29),(19,12),(28,11),(26,1),(9,23),(24,22),(29,24),(13,24),(20,23),(12,24),(15,27),(25,28),(25,3),(1,25),(25,27),(17,26),(8,22),(5,23),(15,9),(27,18),(16,15),(12,25),(10,15),(12,9),(8,28),(17,16),(13,5),(9,10),(29,10),(14,28),(5,11),(24,21),(31,8),(23,22),(20,29),(25,22),(28,29),(26,22),(11,13),(7,13),(22,29),(3,1),(22,15),(20,9),(8,24),(20,6),(21,22),(19,24),(27,11),(9,24),
4:(9,29),(19,13),(28,12),(27,1),(9,22),(23,22),(29,23),(12,24),(20,24),(11,24),(15,26),(24,28),(24,3),(1,24),(24,27),(16,26),(8,21),(6,23),(15,10),(27,17),(16,14),(11,25),(11,15),(13,9),(9,28),(16,16),(13,6),(9,11),(29,11),(14,27),(4,11),(24,21),(31,7),(22,22),(20,28),(24,22),(28,28),(25,22),(12,13),(8,13),(22,28),(3,2),(22,14),(20,10),(8,23),(20,7),(20,22),(19,25),(26,11),(8,24),
5:(9,28),(19,14),(27,12),(28,1),(8,22),(22,22),(29,22),(11,24),(20,25),(11,23),(14,26),(24,27),(23,3),(2,24),(23,27),(15,26),(8,21),(6,22),(16,10),(27,16),(15,14),(11,25),(11,16),(14,9),(10,28),(16,17),(13,7),(8,11),(28,11),(15,27),(3,11),(24,22),(31,7),(21,22),(20,27),(23,22),(28,27),(25,22),(13,13),(9,13),(21,28),(3,3),(22,13),(21,10),(9,23),(19,7),(20,21),(18,25),(25,11),(7,24),
6:(9,27),(19,15),(27,13),(29,1),(8,21),(21,22),(29,21),(10,24),(21,25),(11,22),(14,25),(24,26),(22,3),(3,24),(22,27),(15,25),(8,20),(6,21),(16,11),(27,15),(15,13),(11,24),(12,16),(15,9),(10,27),(16,18),(13,8),(7,11),(27,11),(16,27),(2,11),(23,22),(31,7),(20,22),(19,27),(22,22),(27,27),(24,22),(14,13),(10,13),(20,28),(3,4),(22,12),(21,11),(10,23),(18,7),(19,21),(18,26),(25,12),(6,24),
7:(9,26),(19,16),(27,14),(29,2),(8,20),(20,22),(30,21),(9,24),(22,25),(11,21),(13,25),(24,25),(22,2),(4,24),(21,27),(15,24),(8,19),(6,20),(16,12),(26,15),(14,13),(11,23),(12,17),(16,9),(11,27),(15,18),(13,9),(6,11),(26,11),(16,26),(1,11),(22,22),(31,7),(20,21),(19,26),(21,22),(27,26),(23,22),(14,14),(11,13),(20,27),(3,5),(23,12),(21,12),(10,22),(18,8),(19,20),(17,26),(24,12),(5,24),
8:(9,25),(18,16),(26,14),(30,2),(7,20),(20,21),(30,20),(8,24),(22,26),(12,21),(12,25),(24,24),(21,2),(5,24),(20,27),(15,23),(8,20),(6,20),(16,13),(25,15),(14,12),(11,22),(12,18),(16,10),(11,26),(14,18),(13,10),(6,12),(25,11),(17,26),(0,11),(21,22),(31,7),(19,21),(18,26),(20,22),(26,26),(22,22),(15,14),(12,13),(19,27),(3,6),(23,11),(21,13),(10,21),(18,9),(18,20),(17,27),(23,12),(6,24),
9:(9,24),(17,16),(26,15),(31,2),(7,19),(20,20),(30,19),(7,24),(22,27),(13,21),(11,25),(25,24),(20,2),(5,23),(19,27),(15,22),(8,21),(7,20),(16,13),(25,14),(14,11),(11,21),(13,18),(16,11),(12,26),(14,19),(13,11),(6,13),(25,12),(17,25),(0,11),(20,22),(31,7),(19,20),(17,26),(20,21),(25,26),(21,22),(16,14),(13,13),(18,27),(3,7),(23,10),(21,14),(10,20),(18,10),(17,20),(16,27),(22,12),(5,24),
10:(10,24),(17,17),(25,15),(31,2),(7,18),(19,20),(29,19),(6,24),(22,28),(13,20),(11,24),(25,23),(19,2),(6,23),(19,26),(14,22),(8,21),(8,20),(16,14),(25,13),(13,11),(11,21),(14,18),(16,12),(13,26),(14,20),(13,10),(6,14),(24,12),(18,25),(0,11),(20,21),(31,7),(18,20),(16,26),(19,21),(24,26),(20,22),(17,14),(14,13),(18,26),(3,8),(23,9),(21,15),(11,20),(17,10),(17,19),(15,27),(21,12),(4,24),
11:(10,23),(16,17),(24,15),(31,2),(7,17),(18,20),(28,19),(5,24),(23,28),(14,20),(11,23),(25,22),(18,2),(6,22),(18,26),(13,22),(8,21),(9,20),(16,15),(25,12),(13,10),(11,20),(15,18),(17,12),(14,26),(14,21),(13,9),(6,15),(23,12),(18,24),(0,11),(20,20),(31,7),(17,20),(15,26),(19,20),(23,26),(20,21),(18,14),(14,12),(17,26),(3,9),(23,8),(21,16),(11,19),(17,11),(17,18),(14,27),(21,11),(3,24),
12:(10,22),(16,18),(23,15),(31,2),(7,16),(17,20),(28,18),(4,24),(24,28),(14,19),(11,22),(24,22),(17,2),(6,21),(17,26),(13,21),(8,21),(10,20),(16,16),(24,12),(13,11),(11,19),(15,19),(18,12),(15,26),(14,22),(13,10),(5,15),(23,13),(19,24),(0,11),(19,20),(31,7),(17,19),(15,25),(18,20),(22,26),(19,21),(19,14),(14,11),(16,26),(3,10),(23,7),(21,17),(12,19),(16,11),(17,17),(13,27),(21,10),(2,24),
13:(10,21),(15,18),(22,15),(31,2),(7,15),(16,20),(28,17),(4,23),(25,28),(14,18),(11,21),(24,21),(17,3),(6,20),(16,26),(12,21),(8,21),(11,20),(16,17),(23,12),(14,11),(11,18),(15,20),(19,12),(14,26),(14,23),(13,11),(5,16),(22,13),(19,23),(0,11),(18,20),(31,7),(17,18),(15,24),(17,20),(22,25),(19,20),(20,14),(15,11),(15,26),(3,11),(24,7),(21,18),(12,18),(16,12),(17,16),(13,28),(20,10),(2,24),
14:(10,21),(15,19),(22,16),(31,2),(7,14),(15,20),(28,16),(4,23),(26,28),(14,17),(11,20),(24,20),(16,3),(7,20),(15,26),(11,21),(8,21),(11,19),(16,18),(22,12),(14,12),(11,17),(15,21),(20,12),(14,26),(14,24),(14,11),(4,16),(21,13),(19,23),(0,11),(17,20),(31,7),(17,17),(15,23),(17,19),(21,25),(18,20),(21,14),(16,11),(15,25),(3,12),(25,7),(21,19),(13,18),(16,13),(16,16),(13,29),(19,10),(2,24),
15:(11,21),(14,19),(22,17),(31,2),(7,13),(14,20),(28,15),(4,23),(27,28),(14,16),(10,20),(24,20),(15,3),(8,20),(15,25),(11,20),(8,21),(12,19),(15,18),(21,12),(14,11),(11,16),(15,22),(20,12),(15,26),(13,24),(13,11),(3,16),(21,14),(19,23),(0,11),(17,21),(31,7),(17,16),(14,23),(17,18),(20,25),(17,20),(21,15),(16,10),(14,25),(3,13),(25,6),(21,20),(14,18),(16,14),(16,15),(13,30),(18,10),(2,24),
16:(12,21),(14,20),(21,17),(31,2),(7,12),(14,21),(28,14),(4,23),(28,28),(14,15),(10,20),(24,20),(14,3),(9,20),(15,24),(11,19),(8,21),(12,18),(15,19),(20,12),(14,12),(10,16),(15,23),(19,12),(16,26),(12,24),(14,11),(3,17),(20,14),(19,23),(0,11),(17,21),(31,7),(16,16),(14,22),(16,18),(20,24),(17,19),(22,15),(16,10),(13,25),(2,13),(25,5),(20,20),(14,17),(15,14),(16,14),(13,31),(17,10),(2,24),
17:(13,21),(13,20),(21,18),(31,2),(6,12),(14,20),(28,13),(4,23),(28,28),(14,14),(9,20),(24,20),(13,3),(8,20),(14,24),(11,18),(8,21),(13,18),(15,20),(19,12),(14,13),(9,16),(15,24),(19,13),(17,26),(12,24),(14,12),(3,18),(19,14),(19,23),(0,11),(17,21),(31,7),(16,15),(13,22),(16,17),(20,23),(17,18),(23,15),(16,11),(12,25),(2,14),(25,4),(20,20),(14,16),(15,14),(16,13),(13,31),(16,10),(2,24),
18:(14,21),(13,21),(21,19),(31,2),(6,11),(14,19),(28,12),(4,23),(28,28),(14,13),(9,19),(24,20),(13,4),(9,20),(14,23),(11,17),(8,21),(14,18),(15,21),(18,12),(13,13),(9,15),(15,25),(19,12),(17,25),(12,25),(14,12),(2,18),(19,15),(19,23),(0,11),(17,21),(31,7),(16,14),(13,22),(16,16),(20,22),(17,17),(24,15),(17,11),(11,25),(2,15),(25,3),(20,20),(14,15),(14,14),(16,12),(13,31),(15,10),(2,24),
19:(14,20),(12,21),(20,19),(31,2),(5,11),(14,18),(29,12),(4,23),(28,28),(15,13),(9,18),(24,20),(12,4),(10,20),(14,22),(11,16),(8,21),(14,17),(15,21),(17,12),(12,13),(9,14),(15,26),(20,12),(18,25),(12,26),(14,13),(2,19),(18,15),(19,23),(0,11),(17,21),(31,7),(16,13),(13,21),(16,15),(20,21),(17,16),(25,15),(17,10),(11,24),(3,15),(25,2),(20,20),(14,14),(15,14),(16,11),(13,31),(15,9),(2,24),
20:(15,20),(11,21),(19,19),(31,2),(4,11),(13,18),(29,11),(4,23),(28,28),(16,13),(8,18),(24,20),(11,4),(10,21),(13,22),(10,16),(8,21),(14,16),(15,21),(17,11),(11,13),(9,13),(15,27),(21,12),(19,25),(12,27),(14,12),(2,20),(18,16),(19,23),(0,11),(17,21),(31,7),(16,12),(12,21),(16,14),(19,21),(16,16),(26,15),(18,10),(10,24),(3,16),(25,2),(20,20),(14,13),(14,14),(15,11),(13,31),(14,9),(2,24),
21:(16,20),(11,22),(19,19),(31,2),(3,11),(12,18),(29,10),(4,23),(28,28),(17,13),(7,18),(24,20),(10,4),(11,21),(13,21),(9,16),(8,21),(14,16),(15,21),(17,11),(10,13),(9,13),(16,27),(22,12),(20,25),(12,27),(14,13),(2,21),(17,16),(19,23),(0,11),(17,21),(31,7),(16,11),(12,21),(16,13),(19,20),(16,15),(27,15),(18,9),(9,24),(3,17),(25,2),(20,20),(15,13),(14,15),(15,10),(13,31),(13,9),(2,24),
22:(17,20),(10,22),(19,20),(31,2),(3,10),(12,17),(29,9),(4,23),(28,28),(17,12),(7,17),(24,20),(9,4),(12,21),(14,21),(8,16),(8,21),(14,15),(15,21),(17,11),(9,13),(9,14),(17,27),(23,12),(20,24),(12,27),(14,13),(1,21),(16,16),(19,23),(0,11),(17,21),(31,7),(16,10),(13,21),(16,12),(18,20),(16,14),(27,16),(18,8),(8,24),(3,18),(25,2),(20,20),(16,13),(14,14),(15,9),(13,31),(12,9),(2,24),
23:(17,19),(9,22),(18,20),(31,2),(3,9),(11,17),(29,8),(4,23),(28,28),(17,11),(7,16),(24,20),(8,4),(13,21),(14,21),(8,16),(8,21),(14,14),(15,21),(17,10),(9,12),(9,13),(18,27),(23,11),(20,23),(12,27),(14,13),(1,22),(16,16),(19,23),(0,11),(17,21),(31,7),(16,9),(13,20),(16,11),(17,20),(16,13),(27,17),(19,8),(7,24),(2,18),(25,2),(20,20),(17,13),(15,14),(15,8),(13,31),(11,9),(2,24),
24:(17,18),(8,22),(17,20),(31,2),(3,8),(11,16),(30,8),(4,23),(28,28),(17,10),(7,15),(24,20),(7,4),(14,21),(14,20),(7,16),(8,21),(15,14),(15,21),(16,10),(9,11),(9,13),(19,27),(24,11),(20,22),(12,27),(14,14),(1,22),(16,16),(19,23),(0,11),(17,21),(31,7),(15,9),(13,21),(15,11),(16,20),(16,12),(28,17),(20,8),(6,24),(2,19),(25,2),(20,20),(17,12),(16,14),(14,8),(13,31),(10,9),(2,24),
25:(17,17),(8,23),(16,20),(31,2),(3,7),(11,15),(30,7),(4,23),(28,28),(18,10),(7,14),(24,20),(6,4),(14,20),(13,20),(7,15),(8,21),(15,13),(15,21),(17,10),(9,10),(9,13),(20,27),(25,11),(20,22),(12,27),(14,15),(1,22),(16,16),(19,23),(0,11),(17,21),(31,7),(15,8),(12,21),(15,11),(15,20),(16,11),(28,18),(21,8),(5,24),(2,20),(25,2),(20,20),(18,12),(16,15),(13,8),(13,31),(9,9),(2,24),
26:(17,16),(8,24),(16,21),(31,2),(3,6),(11,14),(30,6),(4,23),(28,28),(18,9),(7,13),(24,20),(5,4),(15,20),(13,21),(6,15),(8,21),(16,13),(15,21),(17,11),(8,10),(9,13),(21,27),(26,11),(20,22),(12,27),(14,16),(1,22),(16,17),(19,23),(0,11),(17,21),(31,7),(14,8),(11,21),(15,11),(15,19),(16,10),(28,19),(21,8),(5,23),(2,21),(25,2),(20,20),(19,12),(16,16),(12,8),(13,31),(8,9),(2,24),
27:(18,16),(8,25),(16,22),(31,2),(3,5),(11,13),(29,6),(4,23),(28,28),(18,8),(7,12),(24,20),(5,5),(16,20),(12,21),(6,14),(8,21),(17,13),(15,21),(17,11),(7,10),(9,13),(22,27),(27,11),(20,22),(12,27),(14,17),(1,22),(17,17),(19,23),(0,11),(17,21),(31,7),(13,8),(11,20),(15,11),(15,18),(15,10),(28,20),(21,8),(5,22),(1,21),(25,2),(20,20),(20,12),(16,17),(12,7),(13,31),(7,9),(2,24),
28:(19,16),(7,25),(15,22),(31,2),(3,5),(11,12),(29,6),(4,23),(28,28),(18,7),(7,11),(24,20),(4,5),(17,20),(11,21),(6,13),(8,21),(17,12),(15,21),(17,11),(6,10),(9,13),(23,27),(27,10),(20,22),(12,27),(14,18),(1,22),(17,16),(19,23),(0,11),(17,21),(31,7),(12,8),(10,20),(15,11),(15,18),(15,9),(28,20),(21,8),(5,22),(0,21),(25,2),(20,20),(21,12),(16,18),(12,6),(13,31),(6,9),(2,24),
29:(19,15),(7,25),(15,23),(31,2),(3,5),(11,11),(29,6),(4,23),(28,28),(18,6),(7,10),(24,20),(4,6),(18,20),(11,20),(5,13),(8,21),(18,12),(15,21),(17,11),(5,10),(9,13),(24,27),(28,10),(20,22),(12,27),(14,19),(1,22),(16,16),(19,23),(0,11),(17,21),(31,7),(11,8),(9,20),(15,11),(14,18),(14,9),(28,20),(21,8),(5,22),(0,22),(25,2),(20,20),(22,12),(15,18),(12,5),(13,31),(5,9),(2,24),
30:(19,14),(7,25),(14,23),(31,2),(3,5),(11,10),(29,6),(4,23),(28,28),(18,5),(7,9),(24,20),(3,6),(19,20),(10,20),(5,12),(8,21),(19,12),(15,21),(17,11),(5,9),(9,13),(24,27),(29,10),(20,22),(12,27),(14,19),(1,22),(16,16),(19,23),(0,11),(17,21),(31,7),(10,8),(9,19),(15,11),(14,17),(14,9),(28,20),(21,8),(5,22),(0,23),(25,2),(20,20),(23,12),(15,19),(12,4),(13,31),(5,8),(2,24),
31:(20,14),(7,25),(14,24),(31,2),(3,5),(10,10),(29,6),(4,23),(28,28),(18,4),(7,8),(24,20),(2,6),(19,19),(9,20),(5,11),(8,21),(19,11),(15,21),(17,11),(5,8),(9,13),(24,27),(29,9),(20,22),(12,27),(14,19),(1,22),(16,16),(19,23),(0,11),(17,21),(31,7),(9,8),(9,18),(15,11),(14,16),(14,9),(28,20),(21,8),(5,22),(0,24),(25,2),(20,20),(23,11),(15,20),(11,4),(13,31),(4,8),(2,24),
32:(21,14),(7,25),(13,24),(31,2),(3,5),(9,10),(29,6),(4,23),(28,28),(18,4),(7,7),(24,20),(1,6),(20,19),(9,19),(4,11),(8,21),(19,10),(15,21),(17,11),(4,8),(9,13),(24,27),(29,9),(20,22),(12,27),(14,19),(1,22),(16,16),(19,23),(0,11),(17,21),(31,7),(8,8),(8,18),(15,11),(14,15),(14,9),(28,20),(21,8),(5,22),(0,25),(25,2),(20,20),(23,10),(14,20),(11,3),(13,31),(3,8),(2,24),
33:(21,15),(7,25),(12,24),(31,2),(3,5),(8,10),(29,6),(4,23),(28,28),(18,4),(7,6),(24,20),(1,6),(20,18),(8,19),(3,11),(8,21),(20,10),(15,21),(17,11),(4,7),(9,13),(24,27),(29,9),(20,22),(12,27),(14,19),(1,22),(16,16),(19,23),(0,11),(17,21),(31,7),(7,8),(7,18),(15,11),(14,14),(14,9),(28,20),(21,8),(5,22),(0,26),(25,2),(20,20),(23,9),(13,20),(10,3),(13,31),(2,8),(2,24),
34:(22,15),(7,25),(12,23),(31,2),(3,5),(8,9),(29,6),(4,23),(28,28),(18,4),(7,5),(24,20),(1,6),(21,18),(7,19),(2,11),(8,21),(20,9),(15,21),(17,11),(4,6),(9,13),(24,27),(29,9),(20,22),(12,27),(14,19),(1,22),(16,16),(19,23),(0,11),(17,21),(31,7),(7,8),(6,18),(15,11),(14,13),(14,9),(28,20),(21,8),(5,22),(0,27),(25,2),(20,20),(24,9),(13,21),(10,3),(13,31),(1,8),(2,24),
35:(23,15),(7,25),(12,23),(31,2),(3,5),(8,8),(29,6),(4,23),(28,28),(18,4),(7,4),(24,20),(1,6),(21,17),(7,18),(2,11),(8,21),(21,9),(15,21),(17,11),(5,6),(9,13),(24,27),(29,9),(20,22),(12,27),(14,19),(1,22),(16,16),(19,23),(0,11),(17,21),(31,7),(7,8),(5,18),(15,11),(14,12),(14,9),(28,20),(21,8),(5,22),(1,27),(25,2),(20,20),(25,9),(13,21),(10,3),(13,31),(0,8),(2,24),
36:(24,15),(7,25),(12,23),(31,2),(3,5),(8,7),(29,6),(4,23),(28,28),(18,4),(6,4),(24,20),(1,6),(21,16),(6,18),(2,11),(8,21),(22,9),(15,21),(17,11),(5,5),(9,13),(24,27),(29,9),(20,22),(12,27),(14,19),(1,22),(16,16),(19,23),(0,11),(17,21),(31,7),(7,8),(4,18),(15,11),(14,11),(14,9),(28,20),(21,8),(5,22),(1,27),(25,2),(20,20),(25,8),(13,21),(10,3),(13,31),(0,7),(2,24),
37:(25,15),(7,25),(12,23),(31,2),(3,5),(8,6),(29,6),(4,23),(28,28),(18,4),(6,3),(24,20),(1,6),(22,16),(5,18),(2,11),(8,21),(22,8),(15,21),(17,11),(5,5),(9,13),(24,27),(29,9),(20,22),(12,27),(14,19),(1,22),(16,16),(19,23),(0,11),(17,21),(31,7),(7,8),(3,18),(15,11),(13,11),(14,9),(28,20),(21,8),(5,22),(1,27),(25,2),(20,20),(25,7),(13,21),(10,3),(13,31),(0,7),(2,24),
38:(26,15),(7,25),(12,23),(31,2),(3,5),(8,5),(29,6),(4,23),(28,28),(18,4),(6,2),(24,20),(1,6),(22,15),(4,18),(2,11),(8,21),(23,8),(15,21),(17,11),(5,5),(9,13),(24,27),(29,9),(20,22),(12,27),(14,19),(1,22),(16,16),(19,23),(0,11),(17,21),(31,7),(7,8),(3,17),(15,11),(13,10),(14,9),(28,20),(21,8),(5,22),(1,27),(25,2),(20,20),(25,6),(13,21),(10,3),(13,31),(0,7),(2,24),
39:(27,15),(7,25),(12,23),(31,2),(3,5),(7,5),(29,6),(4,23),(28,28),(18,4),(6,2),(24,20),(1,6),(23,15),(4,17),(2,11),(8,21),(23,7),(15,21),(17,11),(5,5),(9,13),(24,27),(29,9),(20,22),(12,27),(14,19),(1,22),(16,16),(19,23),(0,11),(17,21),(31,7),(7,8),(3,16),(15,11),(13,9),(14,9),(28,20),(21,8),(5,22),(1,27),(25,2),(20,20),(26,6),(13,21),(10,3),(13,31),(0,7),(2,24),
40:(28,15),(7,25),(12,23),(31,2),(3,5),(7,4),(29,6),(4,23),(28,28),(18,4),(6,2),(24,20),(1,6),(24,15),(4,17),(2,11),(8,21),(24,7),(15,21),(17,11),(5,5),(9,13),(24,27),(29,9),(20,22),(12,27),(14,19),(1,22),(16,16),(19,23),(0,11),(17,21),(31,7),(7,8),(3,16),(15,11),(12,9),(14,9),(28,20),(21,8),(5,22),(1,27),(25,2),(20,20),(26,5),(13,21),(10,3),(13,31),(0,7),(2,24),
41:(28,14),(7,25),(12,23),(31,2),(3,5),(6,4),(29,6),(4,23),(28,28),(18,4),(6,2),(24,20),(1,6),(24,14),(4,17),(2,11),(8,21),(24,6),(15,21),(17,11),(5,5),(9,13),(24,27),(29,9),(20,22),(12,27),(14,19),(1,22),(16,16),(19,23),(0,11),(17,21),(31,7),(7,8),(3,16),(15,11),(11,9),(14,9),(28,20),(21,8),(5,22),(1,27),(25,2),(20,20),(26,4),(13,21),(10,3),(13,31),(0,7),(2,24),
42:(29,14),(7,25),(12,23),(31,2),(3,5),(6,4),(29,6),(4,23),(28,28),(18,4),(6,2),(24,20),(1,6),(24,14),(4,17),(2,11),(8,21),(25,6),(15,21),(17,11),(5,5),(9,13),(24,27),(29,9),(20,22),(12,27),(14,19),(1,22),(16,16),(19,23),(0,11),(17,21),(31,7),(7,8),(3,16),(15,11),(10,9),(14,9),(28,20),(21,8),(5,22),(1,27),(25,2),(20,20),(26,3),(13,21),(10,3),(13,31),(0,7),(2,24),
43:(29,13),(7,25),(12,23),(31,2),(3,5),(6,4),(29,6),(4,23),(28,28),(18,4),(6,2),(24,20),(1,6),(24,14),(4,17),(2,11),(8,21),(25,5),(15,21),(17,11),(5,5),(9,13),(24,27),(29,9),(20,22),(12,27),(14,19),(1,22),(16,16),(19,23),(0,11),(17,21),(31,7),(7,8),(3,16),(15,11),(9,9),(14,9),(28,20),(21,8),(5,22),(1,27),(25,2),(20,20),(26,2),(13,21),(10,3),(13,31),(0,7),(2,24),
44:(29,13),(7,25),(12,23),(31,2),(3,5),(6,4),(29,6),(4,23),(28,28),(18,4),(6,2),(24,20),(1,6),(24,14),(4,17),(2,11),(8,21),(25,4),(15,21),(17,11),(5,5),(9,13),(24,27),(29,9),(20,22),(12,27),(14,19),(1,22),(16,16),(19,23),(0,11),(17,21),(31,7),(7,8),(3,16),(15,11),(8,9),(14,9),(28,20),(21,8),(5,22),(1,27),(25,2),(20,20),(26,1),(13,21),(10,3),(13,31),(0,7),(2,24),
45:(29,13),(7,25),(12,23),(31,2),(3,5),(6,4),(29,6),(4,23),(28,28),(18,4),(6,2),(24,20),(1,6),(24,14),(4,17),(2,11),(8,21),(25,3),(15,21),(17,11),(5,5),(9,13),(24,27),(29,9),(20,22),(12,27),(14,19),(1,22),(16,16),(19,23),(0,11),(17,21),(31,7),(7,8),(3,16),(15,11),(8,9),(14,9),(28,20),(21,8),(5,22),(1,27),(25,2),(20,20),(26,0),(13,21),(10,3),(13,31),(0,7),(2,24),
46:(29,13),(7,25),(12,23),(31,2),(3,5),(6,4),(29,6),(4,23),(28,28),(18,4),(6,2),(24,20),(1,6),(24,14),(4,17),(2,11),(8,21),(26,3),(15,21),(17,11),(5,5),(9,13),(24,27),(29,9),(20,22),(12,27),(14,19),(1,22),(16,16),(19,23),(0,11),(17,21),(31,7),(7,8),(3,16),(15,11),(8,9),(14,9),(28,20),(21,8),(5,22),(1,27),(25,2),(20,20),(26,0),(13,21),(10,3),(13,31),(0,7),(2,24),
47:(29,13),(7,25),(12,23),(31,2),(3,5),(6,4),(29,6),(4,23),(28,28),(18,4),(6,2),(24,20),(1,6),(24,14),(4,17),(2,11),(8,21),(26,2),(15,21),(17,11),(5,5),(9,13),(24,27),(29,9),(20,22),(12,27),(14,19),(1,22),(16,16),(19,23),(0,11),(17,21),(31,7),(7,8),(3,16),(15,11),(8,9),(14,9),(28,20),(21,8),(5,22),(1,27),(25,2),(20,20),(26,0),(13,21),(10,3),(13,31),(0,7),(2,24),
48:(29,13),(7,25),(12,23),(31,2),(3,5),(6,4),(29,6),(4,23),(28,28),(18,4),(6,2),(24,20),(1,6),(24,14),(4,17),(2,11),(8,21),(27,2),(15,21),(17,11),(5,5),(9,13),(24,27),(29,9),(20,22),(12,27),(14,19),(1,22),(16,16),(19,23),(0,11),(17,21),(31,7),(7,8),(3,16),(15,11),(8,9),(14,9),(28,20),(21,8),(5,22),(1,27),(25,2),(20,20),(26,0),(13,21),(10,3),(13,31),(0,7),(2,24),
49:(29,13),(7,25),(12,23),(31,2),(3,5),(6,4),(29,6),(4,23),(28,28),(18,4),(6,2),(24,20),(1,6),(24,14),(4,17),(2,11),(8,21),(27,1),(15,21),(17,11),(5,5),(9,13),(24,27),(29,9),(20,22),(12,27),(14,19),(1,22),(16,16),(19,23),(0,11),(17,21),(31,7),(7,8),(3,16),(15,11),(8,9),(14,9),(28,20),(21,8),(5,22),(1,27),(25,2),(20,20),(26,0),(13,21),(10,3),(13,31),(0,7),(2,24),
50:(29,13),(7,25),(12,23),(31,2),(3,5),(6,4),(29,6),(4,23),(28,28),(18,4),(6,2),(24,20),(1,6),(24,14),(4,17),(2,11),(8,21),(28,1),(15,21),(17,11),(5,5),(9,13),(24,27),(29,9),(20,22),(12,27),(14,19),(1,22),(16,16),(19,23),(0,11),(17,21),(31,7),(7,8),(3,16),(15,11),(8,9),(14,9),(28,20),(21,8),(5,22),(1,27),(25,2),(20,20),(26,0),(13,21),(10,3),(13,31),(0,7),(2,24),
